      0/29     1.09G    0.1392    0.0546   0.08755        34       640         0         0         0         0    0.1412    0.0465   0.08305
      1/29     1.09G    0.1387   0.05364   0.08672        28       640         0         0         0         0    0.1396   0.04745   0.08165
      2/29     1.09G    0.1365   0.05503   0.08468        18       640 0.0004831  0.003268 0.0002469 7.383e-05    0.1376    0.0493    0.0796
      3/29     1.09G    0.1357   0.05293    0.0809        30       640 0.0005149  0.004902 0.0002724 8.079e-05     0.135   0.05268   0.07744
      4/29     1.09G    0.1338   0.05297   0.07871        16       640  0.001122   0.01111 0.0006026 0.0001998    0.1319   0.05621   0.07534
      5/29     1.09G    0.1328   0.05962   0.07546        34       640  0.001899   0.01894  0.001017  0.000254    0.1284   0.06173   0.07277
      6/29     1.09G    0.1306    0.0604   0.07313        36       640  0.002183   0.02257  0.001232 0.0004647    0.1252   0.06632   0.07072
      7/29     1.09G    0.1287   0.06479   0.07053        39       640   0.00332   0.02972  0.001865 0.0004529    0.1225   0.06917   0.06842
      8/29     1.09G    0.1249   0.06751   0.06918        43       640  0.005822   0.05612  0.003219 0.0006452    0.1206    0.0695   0.06607
      9/29     1.09G    0.1225   0.06486   0.06731        23       640  0.008155   0.08144  0.005155 0.0009143    0.1183   0.07193   0.06461
     10/29     1.09G      0.12   0.07285   0.06477        29       640  0.008695    0.1142  0.006094  0.001078    0.1162   0.07326   0.06318
     11/29      1.1G      0.12   0.07236   0.06407        26       640   0.01435    0.1888   0.01197  0.002426     0.115     0.073   0.06203
     12/29      1.1G    0.1177   0.07109   0.06259        53       640   0.01854    0.2596    0.0226  0.003614    0.1116   0.07618   0.05965
     13/29      1.1G    0.1157   0.07635   0.06094        47       640   0.02489    0.3959   0.03355  0.007101      0.11    0.0754   0.05745
     14/29      1.1G    0.1137   0.07652   0.05873        36       640   0.02743    0.4586   0.04836  0.008317    0.1064   0.07848   0.05648
     15/29      1.1G    0.1112   0.07479   0.05791        22       640   0.06867    0.3848   0.07584   0.01274    0.1038   0.07829   0.05509
     16/29      1.1G    0.1077   0.08591   0.05674        38       640    0.1387    0.2439   0.08843   0.01765    0.1016   0.07766   0.05442
     17/29      1.1G    0.1067   0.07877   0.05585        26       640    0.1393    0.2527    0.1035   0.02234   0.09921   0.07743   0.05389
     18/29      1.1G    0.1054    0.0804   0.05486        41       640    0.1399    0.2904    0.1057   0.02386   0.09729    0.0765    0.0534
     19/29      1.1G   0.09987   0.07161   0.05424        20       640    0.1601    0.3086    0.1371   0.02967   0.09498   0.07529   0.05254
     20/29      1.1G   0.09975    0.0653   0.05268        18       640    0.1952    0.3523    0.1601   0.03352   0.09295    0.0739   0.05163
     21/29      1.1G   0.09935   0.07557   0.05267        22       640     0.221    0.3488    0.1951    0.0399   0.09108     0.073   0.05106
     22/29      1.1G    0.1006   0.08552   0.05324        37       640    0.2104    0.2978    0.1743   0.03931   0.09014   0.07222   0.05087
     23/29      1.1G    0.1001   0.07611   0.05155        61       640    0.2126    0.3382    0.1908   0.04177   0.08902    0.0714   0.05048
     24/29      1.1G   0.09309   0.07119   0.05028        24       640     0.219    0.3426    0.1838   0.04036   0.08799   0.07099   0.05006
     25/29      1.1G   0.09557   0.07938   0.05074        42       640    0.2281    0.3605    0.2012   0.04622   0.08718   0.07061   0.04962
     26/29      1.1G   0.09508    0.0698   0.05132        20       640    0.2234    0.3816    0.1955   0.04764   0.08664   0.07057   0.04933
     27/29      1.1G   0.09525   0.06753   0.05028        34       640    0.2082    0.3743    0.1816   0.04542   0.08589   0.07081   0.04892
     28/29      1.1G   0.09526   0.07189   0.04996        52       640    0.2236     0.369    0.1876   0.04567    0.0855    0.0709   0.04862
     29/29      1.1G   0.09419   0.06629    0.0498        12       640    0.2049    0.3775    0.1789   0.04287   0.08509   0.07106   0.04834
