17 0.082812 0.076042 0.059375 0.072917
17 0.535937 0.639583 0.050000 0.070833
17 0.623437 0.548958 0.071875 0.077083
17 0.639844 0.397917 0.054688 0.058333
17 0.662500 0.615625 0.062500 0.072917
17 0.685937 0.685417 0.062500 0.075000
15 0.662500 0.296875 0.084375 0.127083
15 0.739844 0.472917 0.114062 0.112500
15 0.597656 0.434375 0.076563 0.131250
15 0.846875 0.301042 0.078125 0.127083
16 0.602344 0.317708 0.092188 0.114583
16 0.534375 0.414583 0.084375 0.108333
16 0.489844 0.505208 0.085938 0.106250
16 0.471875 0.611458 0.078125 0.114583
