16 0.625000 0.336458 0.096875 0.118750
16 0.724219 0.188542 0.085938 0.106250
16 0.859375 0.227083 0.090625 0.108333
16 0.896094 0.579167 0.098437 0.120833
16 0.806250 0.569792 0.084375 0.114583
15 0.710938 0.298958 0.103125 0.106250
15 0.810937 0.322917 0.106250 0.133333
15 0.859375 0.150000 0.125000 0.083333
15 0.971094 0.243750 0.057813 0.100000
15 0.800000 0.483333 0.106250 0.079167
15 0.950781 0.703125 0.098437 0.118750
17 0.735938 0.569792 0.053125 0.060417
17 0.646875 0.470833 0.062500 0.079167
17 0.714063 0.382292 0.078125 0.072917
17 0.892969 0.422917 0.060937 0.083333
17 0.942969 0.441667 0.067187 0.075000
17 0.953906 0.507292 0.064062 0.056250
17 0.793750 0.187500 0.062500 0.070833
17 0.827344 0.436458 0.060937 0.064583
