16 0.714844 0.189583 0.085938 0.112500
16 0.848437 0.225000 0.087500 0.120833
16 0.796875 0.562500 0.081250 0.116667
16 0.882812 0.555208 0.090625 0.114583
15 0.841406 0.139583 0.104688 0.075000
15 0.689844 0.292708 0.117188 0.102083
15 0.801562 0.319792 0.100000 0.122917
15 0.797656 0.478125 0.117188 0.085417
15 0.939063 0.691667 0.112500 0.133333
17 0.705469 0.377083 0.067187 0.087500
17 0.642188 0.466667 0.062500 0.087500
17 0.816406 0.426042 0.057813 0.056250
17 0.893750 0.421875 0.062500 0.081250
17 0.952344 0.481250 0.082812 0.091667
17 0.729688 0.561458 0.062500 0.077083
17 0.967187 0.771875 0.065625 0.089583
17 0.778906 0.180208 0.067187 0.077083
