17 0.021094 0.128125 0.039062 0.060417
17 0.026562 0.173958 0.050000 0.068750
17 0.128906 0.325000 0.054688 0.070833
17 0.094531 0.293750 0.045312 0.066667
17 0.008594 0.401042 0.014063 0.068750
17 0.567187 0.113542 0.062500 0.085417
17 0.832812 0.151042 0.062500 0.093750
17 0.922656 0.168750 0.079687 0.091667
16 0.142969 0.136458 0.089063 0.114583
16 0.057031 0.364583 0.085938 0.112500
15 0.046094 0.234375 0.089063 0.097917
15 0.060156 0.265625 0.073438 0.089583
15 0.039062 0.511458 0.075000 0.089583
15 0.723437 0.202083 0.103125 0.108333
15 0.656250 0.060417 0.109375 0.100000
15 0.986719 0.212500 0.026562 0.058333
