16 0.016406 0.345833 0.029687 0.091667
16 0.022656 0.451042 0.042188 0.106250
15 0.734375 0.475000 0.096875 0.125000
15 0.463281 0.456250 0.101562 0.079167
15 0.609375 0.315625 0.106250 0.097917
15 0.844531 0.310417 0.092188 0.141667
17 0.530469 0.396875 0.064062 0.072917
17 0.520312 0.464583 0.056250 0.058333
17 0.502344 0.606250 0.051562 0.079167
17 0.653906 0.614583 0.067187 0.070833
17 0.684375 0.686458 0.059375 0.081250
17 0.027344 0.584375 0.051562 0.093750
17 0.010937 0.226042 0.018750 0.052083
17 0.013281 0.276042 0.023438 0.031250
