16 0.035156 0.181250 0.067187 0.116667
16 0.108594 0.326042 0.079687 0.102083
16 0.193750 0.393750 0.081250 0.100000
16 0.114062 0.463542 0.084375 0.114583
16 0.377344 0.509375 0.092188 0.102083
16 0.589844 0.053125 0.085938 0.102083
16 0.692969 0.044792 0.089063 0.085417
15 0.822656 0.447917 0.060937 0.150000
17 0.329688 0.620833 0.065625 0.079167
17 0.944531 0.543750 0.073438 0.087500
17 0.312500 0.329167 0.068750 0.087500
17 0.480469 0.153125 0.070312 0.089583
17 0.267188 0.088542 0.071875 0.081250
17 0.139844 0.094792 0.079687 0.089583
