17 0.749219 0.321875 0.067187 0.072917
17 0.688281 0.427083 0.057813 0.070833
17 0.780469 0.527083 0.057813 0.083333
17 0.871094 0.377083 0.060937 0.062500
17 0.939844 0.364583 0.067187 0.066667
17 0.984375 0.378125 0.031250 0.068750
17 0.988281 0.438542 0.023438 0.056250
17 0.829688 0.119792 0.056250 0.077083
16 0.759375 0.130208 0.093750 0.114583
16 0.662500 0.286458 0.093750 0.110417
16 0.905469 0.157292 0.092188 0.122917
16 0.857031 0.520833 0.082812 0.116667
16 0.942187 0.527083 0.096875 0.125000
15 0.850781 0.438542 0.104688 0.077083
15 0.749219 0.238542 0.098437 0.106250
15 0.852344 0.257292 0.104688 0.127083
15 0.896094 0.068750 0.117188 0.070833
15 0.980469 0.671875 0.039062 0.118750
