15 0.697656 0.187500 0.098437 0.137500
15 0.914062 0.232292 0.106250 0.118750
15 0.926562 0.353125 0.115625 0.081250
15 0.830469 0.367708 0.082812 0.143750
15 0.932031 0.446875 0.114062 0.110417
15 0.994531 0.605208 0.010937 0.127083
16 0.553906 0.258333 0.076563 0.108333
16 0.549219 0.363542 0.085938 0.106250
16 0.495312 0.492708 0.081250 0.114583
16 0.475000 0.593750 0.081250 0.108333
17 0.783594 0.308333 0.054688 0.075000
17 0.880469 0.284375 0.057813 0.085417
17 0.980469 0.490625 0.039062 0.085417
17 0.963281 0.583333 0.060937 0.095833
17 0.099219 0.088542 0.057813 0.081250
17 0.014844 0.034375 0.026562 0.064583
