16 0.074219 0.322917 0.085938 0.091667
16 0.039844 0.515625 0.076563 0.106250
16 0.038281 0.615625 0.073438 0.118750
15 0.056250 0.251042 0.100000 0.064583
15 0.032031 0.381250 0.060937 0.141667
15 0.654687 0.064583 0.112500 0.104167
15 0.721094 0.195833 0.101562 0.120833
15 0.988281 0.213542 0.023438 0.068750
15 0.672656 0.742708 0.107813 0.106250
17 0.017188 0.143750 0.031250 0.058333
17 0.032813 0.183333 0.062500 0.070833
17 0.016406 0.432292 0.029687 0.060417
17 0.473438 0.221875 0.059375 0.077083
17 0.561719 0.116667 0.067187 0.083333
17 0.835156 0.153125 0.060937 0.077083
17 0.926562 0.164583 0.071875 0.079167
17 0.694531 0.688542 0.064062 0.077083
