15 0.728906 0.272917 0.104688 0.100000
15 0.665625 0.579167 0.103125 0.104167
15 0.668750 0.060417 0.096875 0.116667
15 0.795312 0.128125 0.059375 0.135417
15 0.992188 0.213542 0.015625 0.064583
17 0.828906 0.641667 0.054688 0.070833
17 0.885938 0.556250 0.065625 0.091667
16 0.981250 0.467708 0.037500 0.114583
17 0.739062 0.163542 0.056250 0.072917
17 0.840625 0.151042 0.050000 0.081250
17 0.932031 0.164583 0.067187 0.087500
17 0.617188 0.105208 0.059375 0.077083
17 0.532031 0.066667 0.064062 0.083333
17 0.723437 0.018750 0.071875 0.033333
