15 0.653906 0.065625 0.098437 0.110417
15 0.720313 0.198958 0.100000 0.106250
15 0.984375 0.215625 0.031250 0.072917
15 0.052344 0.242708 0.095312 0.081250
15 0.032813 0.376042 0.059375 0.114583
17 0.015625 0.147917 0.028125 0.075000
17 0.030469 0.182292 0.051562 0.072917
17 0.012500 0.431250 0.021875 0.062500
17 0.832812 0.158333 0.065625 0.087500
17 0.575781 0.114583 0.076563 0.087500
16 0.078125 0.326042 0.090625 0.106250
16 0.039844 0.512500 0.076563 0.100000
16 0.046094 0.617708 0.089063 0.110417
