      0/99     1.09G    0.1392    0.0546   0.08755        34       640         0         0         0         0    0.1412   0.04649   0.08305
      1/99     1.09G    0.1387   0.05365   0.08672        28       640         0         0         0         0    0.1396   0.04743   0.08165
      2/99     1.09G    0.1365   0.05502   0.08467        18       640 0.0004813  0.003268 0.0002461 7.358e-05    0.1375   0.04932   0.07957
      3/99     1.09G    0.1357   0.05294   0.08086        30       640 0.0005033  0.004902  0.000266 7.888e-05    0.1349   0.05284   0.07736
      4/99     1.09G    0.1338   0.05302   0.07862        16       640  0.001124   0.01111 0.0005996 0.0001912    0.1317   0.05662   0.07521
      5/99     1.09G    0.1326   0.05972   0.07532        34       640   0.00212   0.02331   0.00113 0.0003137    0.1282   0.06191   0.07261
      6/99     1.09G    0.1304   0.06061   0.07287        36       640  0.002069   0.02094  0.001161 0.0004072    0.1247   0.06732   0.07048
      7/99     1.09G    0.1283   0.06533   0.07017        39       640  0.005276   0.04777  0.003121  0.000687    0.1219   0.06991   0.06804
      8/99     1.09G    0.1242   0.06815   0.06865        43       640  0.007012   0.06837  0.004251 0.0009103    0.1203   0.06919   0.06528
      9/99     1.09G    0.1217   0.06548   0.06645        23       640   0.01141    0.1209  0.007963  0.001685    0.1173   0.07203   0.06334
     10/99     1.09G    0.1188   0.07374   0.06385        29       640   0.01255    0.1781  0.009123  0.001799    0.1152   0.07323   0.06206
     11/99      1.1G    0.1183   0.07352   0.06275        26       640   0.02055    0.2878    0.0331  0.005581    0.1124   0.07452   0.06043
     12/99      1.1G    0.1153   0.07256   0.06086        53       640   0.02677     0.398     0.035  0.006902    0.1086   0.07651   0.05723
     13/99      1.1G    0.1119   0.07872    0.0588        47       640    0.1105    0.1424   0.06458   0.01323     0.105   0.07677   0.05491
     14/99      1.1G    0.1084   0.07892   0.05616        36       640    0.1306    0.2398   0.09612   0.02208    0.1006   0.07639   0.05368
     15/99      1.1G    0.1048   0.07524   0.05492        22       640    0.1301    0.3139    0.1066   0.02548    0.0964   0.07523   0.05412
     16/99      1.1G    0.1002   0.08342   0.05395        38       640    0.1803    0.3234    0.1521   0.02998   0.09353   0.07042   0.05268
     17/99      1.1G   0.09765   0.07472   0.05238        26       640    0.2104     0.354    0.1843   0.03805   0.09121   0.06742   0.05239
     18/99      1.1G    0.0948   0.07412   0.05098        41       640    0.2221    0.3795    0.1878   0.04074   0.08772   0.06813   0.05195
     19/99      1.1G   0.08871   0.06295   0.04965        20       640    0.1454    0.4464    0.1562   0.03376   0.08637   0.06853   0.04864
     20/99      1.1G   0.09072   0.05712   0.04711        18       640    0.2904    0.4721    0.2681   0.06824   0.08077   0.06694   0.04563
     21/99      1.1G   0.08841   0.06586   0.04621        22       640    0.2026      0.44    0.2023   0.05369   0.08185   0.06836   0.04359
     22/99      1.1G   0.08837   0.07473   0.04579        37       640    0.2271    0.6503      0.25   0.06151   0.07615   0.07082   0.04269
     23/99      1.1G   0.08693   0.06787   0.04315        61       640    0.1754    0.5877    0.2263   0.05645   0.07595   0.06787   0.04067
     24/99      1.1G   0.07922   0.06178   0.04103        24       640    0.1783    0.4652    0.2156   0.05431   0.07447   0.06659   0.03921
     25/99      1.1G   0.07847    0.0693    0.0409        42       640      0.22    0.6747    0.3347   0.09493   0.06693   0.06613   0.03825
     26/99      1.1G   0.07733    0.0616   0.04077        20       640    0.2266    0.7102    0.3293   0.08383   0.06776   0.06764   0.03748
     27/99      1.1G   0.07875   0.05899   0.03962        34       640     0.261    0.7169    0.3867    0.1151   0.06654   0.06516   0.03623
     28/99      1.1G   0.08235   0.06285   0.03822        52       640    0.2885    0.6442    0.4318    0.1359   0.06793    0.0627   0.03576
     29/99      1.1G     0.075   0.05759    0.0375        12       640     0.285    0.6741    0.4772    0.1645   0.06088   0.06212   0.03549
     30/99      1.1G   0.07435   0.05641   0.03688        12       640    0.3484    0.6271    0.4975    0.1453   0.06897   0.06085   0.03496
     31/99      1.1G   0.08032   0.06769   0.03626        33       640    0.3425    0.6141    0.4305   0.09574   0.06651   0.05993   0.03398
     32/99      1.1G   0.07186   0.05979   0.03618        28       640     0.162    0.6283    0.3326    0.1004    0.0787   0.05876   0.03363
     33/99      1.1G   0.07393     0.058   0.03501        27       640    0.2983    0.6389    0.4748    0.1487   0.06899   0.05776   0.03293
     34/99      1.1G   0.08136   0.06591   0.03526        34       640    0.2565    0.6437    0.3463   0.09513   0.06987   0.06203   0.03231
     35/99      1.1G   0.07311   0.05538   0.03415        24       640    0.3815    0.6359    0.5115    0.1321   0.06643   0.05812   0.03169
     36/99      1.1G   0.07397   0.06576   0.03431        35       640    0.4168    0.6714    0.5975     0.199   0.06287   0.05816     0.031
     37/99      1.1G   0.07633    0.0559   0.03355        34       640    0.2656    0.3598    0.3508   0.09603   0.08161   0.05651   0.03078
     38/99      1.1G   0.07907   0.06067   0.03348        44       640     0.542    0.5782    0.5703    0.1749   0.07562   0.05562   0.03014
     39/99      1.1G   0.07727   0.06113   0.03226        22       640    0.5317    0.6359    0.6118    0.1593   0.05999   0.06045   0.02995
     40/99      1.1G   0.07145   0.05845   0.03151        26       640    0.2778    0.5281    0.3519   0.06939   0.07176   0.05753   0.02963
     41/99      1.1G   0.06977   0.05989   0.03129        31       640    0.3949    0.6501    0.4646    0.1223   0.06414   0.05762   0.02913
     42/99      1.1G   0.07915   0.06281   0.03176        35       640    0.3171    0.6738    0.4338    0.1093   0.06681   0.05693   0.02859
     43/99      1.1G   0.07761   0.06582   0.03182        26       640     0.503    0.6661    0.5682    0.1236   0.06749   0.05809   0.02816
     44/99      1.1G   0.06846   0.06235   0.03099        17       640    0.4381     0.674    0.5628    0.1952   0.06295   0.05728   0.02803
     45/99      1.1G   0.07175   0.05348   0.02962        15       640    0.5389    0.6913    0.6364    0.1864   0.06243   0.05702    0.0274
     46/99      1.1G   0.07174   0.05795    0.0289        15       640    0.3824    0.6527    0.5633    0.1785   0.06797   0.05622   0.02701
     47/99      1.1G   0.07383   0.05595   0.02985        12       640    0.6133    0.6312    0.6811    0.2376   0.07158   0.05716    0.0264
     48/99      1.1G   0.07261   0.05142   0.02822        19       640    0.6102    0.7845    0.7204    0.2643   0.05937   0.05781   0.02579
     49/99      1.1G   0.06264   0.05604   0.02708        30       640    0.6118    0.7219    0.7089    0.2129   0.05871   0.05574   0.02525
     50/99      1.1G   0.06234   0.06327   0.02838        39       640    0.6636    0.7443    0.7627    0.2901   0.06128   0.05551   0.02484
     51/99      1.1G   0.06889   0.05883    0.0283        13       640    0.3492    0.4462    0.3203    0.0578   0.07767   0.05907   0.02472
     52/99      1.1G   0.08152   0.05939   0.02782        31       640     0.296    0.6942    0.3701    0.1119   0.08325   0.05428   0.02408
     53/99      1.1G   0.08407   0.05517   0.02678        33       640    0.4662    0.7071    0.5998    0.2449   0.07452   0.05461   0.02356
     54/99      1.1G   0.07913   0.05277   0.02729        29       640    0.6088    0.6918    0.7071    0.1986    0.0698   0.05597   0.02368
     55/99      1.1G   0.07145   0.05854   0.02729        49       640    0.5349    0.7545    0.6797    0.2272   0.06849   0.05672   0.02355
     56/99      1.1G   0.06648   0.06556   0.02596        64       640       0.5    0.6814    0.6289    0.2208   0.06746   0.05453   0.02324
     57/99      1.1G   0.06891   0.05013   0.02655        36       640     0.556    0.7676    0.7223    0.2577   0.05659   0.05472   0.02271
     58/99      1.1G     0.071   0.04803   0.02591        27       640    0.3816    0.6658     0.525    0.1183   0.07346   0.05225   0.02245
     59/99      1.1G    0.0764   0.06031   0.02614        36       640    0.4989    0.7482    0.6475     0.188   0.05937   0.05524   0.02183
     60/99      1.1G   0.06631   0.06123   0.02561        52       640    0.5239    0.7935     0.636    0.1721    0.0629   0.05479   0.02138
     61/99      1.1G   0.06341   0.05597   0.02545        18       640    0.7017    0.7644    0.7604    0.2717   0.05542   0.05345   0.02119
     62/99      1.1G   0.06703   0.05356   0.02428        26       640    0.4182    0.7484     0.504     0.125   0.06631   0.05411   0.02119
     63/99      1.1G   0.07178   0.05396   0.02437        31       640    0.5306     0.685    0.6346    0.1985   0.05908   0.05435   0.02083
     64/99      1.1G   0.05965    0.0615   0.02459        40       640    0.8188    0.8529    0.8869    0.3848   0.04759    0.0533   0.02034
     65/99      1.1G   0.05829   0.05585   0.02356        31       640    0.7186    0.8093    0.8368    0.3146   0.05323   0.05474   0.02008
     66/99      1.1G   0.06165   0.05302   0.02368        20       640     0.617    0.7064    0.7167    0.2473   0.05951   0.05463   0.01986
     67/99      1.1G   0.06904   0.05922   0.02335        55       640    0.6733    0.7492    0.7619    0.2404   0.05966   0.05415    0.0196
     68/99      1.1G   0.06647   0.06226   0.02336        52       640    0.6948    0.7765    0.7828    0.2422   0.05526   0.05397   0.01929
     69/99      1.1G    0.0612   0.06181   0.02406        45       640    0.8052    0.8637    0.8697    0.3598   0.04728   0.05348   0.01915
     70/99      1.1G   0.05751   0.05566   0.02277        45       640    0.6965    0.8169    0.7988    0.2691   0.05934   0.05278   0.01908
     71/99      1.1G   0.06344   0.05072   0.02279        14       640    0.6836    0.8184    0.8194    0.3209   0.05202   0.05307    0.0189
     72/99      1.1G   0.05984   0.06463   0.02322        41       640     0.772     0.862    0.8505    0.3351   0.04957   0.05262   0.01879
     73/99      1.1G   0.05369   0.05025   0.02158        15       640    0.6795    0.8262    0.8185    0.3319     0.052   0.05267   0.01856
     74/99      1.1G   0.05758   0.05958   0.02228        24       640    0.7708    0.8727    0.8894    0.3682   0.04996   0.05309   0.01854
     75/99      1.1G   0.05391   0.05699   0.02193        35       640    0.8722    0.8852      0.93    0.4564   0.04487   0.05237   0.01835
     76/99      1.1G   0.05049   0.05278    0.0212        27       640    0.6885    0.8592    0.8174    0.3223   0.04871    0.0523   0.01812
     77/99      1.1G   0.05624   0.05545   0.02205        25       640    0.8452    0.8869    0.9252    0.4715   0.04504   0.05203     0.018
     78/99      1.1G   0.05054   0.04496   0.02032        13       640    0.8767    0.8874    0.9226    0.4153   0.04446   0.05186   0.01781
     79/99      1.1G   0.05458   0.05702   0.02145        43       640    0.7384    0.8732    0.8796    0.3503   0.04944    0.0522   0.01771
     80/99      1.1G   0.05519   0.06211   0.02109        55       640    0.9131    0.8913    0.9385    0.4804   0.04379   0.05156   0.01768
     81/99      1.1G   0.04975   0.05577   0.02097        29       640     0.881    0.8819    0.9212    0.4159   0.04633   0.05156   0.01758
     82/99      1.1G   0.05001   0.05029   0.02095        11       640    0.9285    0.8943    0.9473    0.4929   0.04293   0.05129   0.01752
     83/99      1.1G   0.04921   0.05451   0.02013        39       640    0.9444    0.8925    0.9491    0.4929   0.04277   0.05121   0.01738
     84/99      1.1G   0.05082   0.06249   0.02025        50       640    0.9411    0.8946    0.9472    0.5035   0.04245   0.05116   0.01731
     85/99      1.1G   0.05072   0.05524   0.02086        48       640    0.9596    0.8964    0.9517    0.4867    0.0421   0.05109   0.01728
     86/99      1.1G   0.04892   0.04186   0.01989        15       640    0.9337    0.8974     0.945    0.5081   0.04296   0.05102   0.01717
     87/99      1.1G   0.05245   0.06079   0.02253        46       640    0.9486    0.9039    0.9487    0.5156   0.04245   0.05097   0.01711
     88/99      1.1G   0.05103   0.05745   0.02015        41       640    0.9445    0.8975    0.9492    0.5172   0.04177   0.05083   0.01709
     89/99      1.1G   0.04931    0.0485   0.02036        12       640    0.9583    0.9022    0.9488    0.4628   0.04313   0.05113   0.01705
     90/99      1.1G    0.0502   0.05791   0.02077        42       640    0.9651    0.9069    0.9537    0.4896   0.04271   0.05118   0.01698
     91/99      1.1G   0.05107   0.06591   0.02127        62       640    0.9324    0.8925    0.9424    0.5147   0.04201    0.0509   0.01698
     92/99      1.1G   0.05114   0.05736     0.021        29       640    0.9599    0.9025    0.9567    0.5222   0.04133   0.05075   0.01702
     93/99      1.1G   0.04778   0.05301   0.01986        28       640    0.9636    0.9084    0.9545    0.5181   0.04142   0.05079   0.01696
     94/99      1.1G   0.04755   0.05185    0.0218        15       640    0.9637    0.9126    0.9551    0.5252   0.04121   0.05086    0.0169
     95/99      1.1G   0.05006   0.05544   0.02131        25       640    0.9592    0.9088    0.9551    0.5267   0.04118   0.05087   0.01687
     96/99      1.1G   0.04838   0.05569   0.02017        38       640    0.9662    0.9094    0.9561     0.515   0.04146   0.05091   0.01681
     97/99      1.1G    0.0492   0.05807   0.02079        41       640    0.9665    0.9094    0.9538    0.5009   0.04192   0.05094    0.0168
     98/99      1.1G   0.05049   0.05288   0.02072        17       640    0.9565     0.908    0.9529    0.5245   0.04137   0.05073   0.01681
     99/99      1.1G   0.04778   0.05023   0.02015        38       640    0.9529    0.9093    0.9526     0.521   0.04142   0.05086   0.01675
